RADIX 11111111
VNAME PATN[[7:0]]
IO IIIIIIII
tunit ns
period 1
vih 0.7
vil 0.0
vth 0.6
slope 0.1
00 00 00 00
00 00 00 01
00 00 00 00
00 00 00 00
00 00 00 10
00 00 00 00
00 00 00 00
00 00 00 11
00 00 00 00
00 00 01 00
00 00 01 10
00 00 01 00
00 00 01 00
00 00 01 11
00 00 01 00
00 00 10 00
00 00 10 11
00 00 10 00
00 01 00 00
00 01 00 10
00 01 00 00
00 01 00 00
00 01 00 11
00 01 00 00
00 01 01 00
00 01 01 10
00 01 01 00
00 01 01 00
00 01 01 11
00 01 01 00
00 01 10 00
00 01 10 11
00 01 10 00
00 10 00 00
00 10 00 11
00 10 00 00
00 10 01 00
00 10 01 11
00 10 01 00
00 10 10 00
00 10 10 11
00 10 10 00
01 00 00 00
01 00 00 10
01 00 00 00
01 00 00 00
01 00 00 11
01 00 00 00
01 00 01 00
01 00 01 10
01 00 01 00
01 00 01 00
01 00 01 11
01 00 01 00
01 00 10 00
01 00 10 11
01 00 10 00
01 01 00 00
01 01 00 10
01 01 00 00
01 01 00 00
01 01 00 11
01 01 00 00
01 01 01 00
01 01 01 10
01 01 01 00
01 01 01 00
01 01 01 11
01 01 01 00
01 01 10 00
01 01 10 11
01 01 10 00
01 10 00 00
01 10 00 11
01 10 00 00
01 10 01 00
01 10 01 11
01 10 01 00
01 10 10 00
01 10 10 11
01 10 10 00
10 00 00 00
10 00 00 11
10 00 00 00
10 00 01 00
10 00 01 11
10 00 01 00
10 00 10 00
10 00 10 11
10 00 10 00
10 01 00 00
10 01 00 11
10 01 00 00
10 01 01 00
10 01 01 11
10 01 01 00
10 01 10 00
10 01 10 11
10 01 10 00
10 10 00 00
10 10 00 11
10 10 00 00
10 10 01 00
10 10 01 11
10 10 01 00
10 10 10 00
10 10 10 11
10 10 10 00
00 00 00 01
00 00 00 00
00 00 00 01
00 00 00 01
00 00 00 10
00 00 00 01
00 00 00 01
00 00 00 11
00 00 00 01
00 00 01 01
00 00 01 10
00 00 01 01
00 00 01 01
00 00 01 11
00 00 01 01
00 00 10 01
00 00 10 11
00 00 10 01
00 01 00 01
00 01 00 10
00 01 00 01
00 01 00 01
00 01 00 11
00 01 00 01
00 01 01 01
00 01 01 10
00 01 01 01
00 01 01 01
00 01 01 11
00 01 01 01
00 01 10 01
00 01 10 11
00 01 10 01
00 10 00 01
00 10 00 11
00 10 00 01
00 10 01 01
00 10 01 11
00 10 01 01
00 10 10 01
00 10 10 11
00 10 10 01
01 00 00 01
01 00 00 10
01 00 00 01
01 00 00 01
01 00 00 11
01 00 00 01
01 00 01 01
01 00 01 10
01 00 01 01
01 00 01 01
01 00 01 11
01 00 01 01
01 00 10 01
01 00 10 11
01 00 10 01
01 01 00 01
01 01 00 10
01 01 00 01
01 01 00 01
01 01 00 11
01 01 00 01
01 01 01 01
01 01 01 10
01 01 01 01
01 01 01 01
01 01 01 11
01 01 01 01
01 01 10 01
01 01 10 11
01 01 10 01
01 10 00 01
01 10 00 11
01 10 00 01
01 10 01 01
01 10 01 11
01 10 01 01
01 10 10 01
01 10 10 11
01 10 10 01
10 00 00 01
10 00 00 11
10 00 00 01
10 00 01 01
10 00 01 11
10 00 01 01
10 00 10 01
10 00 10 11
10 00 10 01
10 01 00 01
10 01 00 11
10 01 00 01
10 01 01 01
10 01 01 11
10 01 01 01
10 01 10 01
10 01 10 11
10 01 10 01
10 10 00 01
10 10 00 11
10 10 00 01
10 10 01 01
10 10 01 11
10 10 01 01
10 10 10 01
10 10 10 11
10 10 10 01
